18 18
85 3 13 93 16 55 77 39 61 33 77 11 17 26 51 51 79 63
86 49 69 81 31 7 5 41 11 63 56 69 87 23 99 26 81 72
1 1 90 92 97 77 6 21 31 96 1 31 1 81 81 55 73 1
43 93 1 16 97 33 73 91 11 26 26 23 51 1 78 1 9 73
57 21 97 65 93 73 19 45 24 99 53 82 75 53 51 90 29 25
93 83 61 65 33 51 37 13 29 75 5 41 65 5 85 9 87 37
15 15 70 1 11 11 61 81 85 33 61 29 89 41 37 37 20 93
71 49 13 35 41 55 61 57 21 53 9 7 85 16 5 32 97 27
1 11 8 35 62 57 81 89 72 67 15 55 19 57 47 87 81 50
79 36 79 15 95 9 49 76 2 76 45 96 25 37 37 3 26 15
46 71 53 3 25 85 61 98 86 99 72 51 81 65 36 24 15 51
3 3 1 21 53 23 37 11 28 81 14 21 89 31 55 61 6 74
71 45 79 1 16 9 1 65 91 59 76 93 24 61 53 24 7 65
81 90 81 17 33 93 51 3 20 89 58 61 1 71 1 89 82 81
53 56 13 80 66 67 77 16 5 7 71 79 81 7 53 31 31 21
55 1 49 52 42 49 37 51 91 18 6 69 73 71 91 20 61 65
49 75 41 9 39 81 37 85 21 21 56 84 1 1 45 15 41 1
25 23 80 46 73 46 84 81 1 82 78 60 100 27 91 65 80 93
