20
413 535 365 827 217 353 201 1 225 552 101 541 515 521 433 502 641 505 86 514 
441 57 567 817 111 99 270 533 511 105 611 296 149 201 601 299 481 547 371 105 
316 793 739 1 202 737 955 751 548 870 393 129 377 181 31 28 777 895 79 413 
574 289 51 905 11 331 379 257 556 471 217 557 42 561 21 416 680 751 46 921 
843 307 163 855 401 967 525 713 335 857 527 263 887 353 581 289 497 151 174 456 
135 51 785 615 257 253 497 481 49 571 23 47 19 125 356 811 541 631 9 281 
665 419 218 599 324 716 341 255 198 896 968 635 352 34 851 116 527 614 492 625 
911 351 736 247 547 309 881 816 825 161 53 763 541 897 427 839 177 421 901 317 
739 651 862 477 461 237 41 61 283 477 625 803 345 303 581 121 85 563 867 449 
951 53 316 575 682 561 591 771 257 764 446 552 771 738 371 442 213 421 226 533 
543 861 585 209 237 325 131 441 633 951 819 840 667 995 385 494 545 529 57 473 
191 292 561 281 790 543 211 601 281 983 187 303 491 304 171 66 705 109 627 935 
849 785 107 633 14 413 456 281 269 626 721 77 705 1 219 802 623 86 720 621 
533 376 172 509 240 767 937 47 286 401 350 594 817 201 435 466 545 189 395 964 
261 721 981 615 728 482 121 785 603 978 1 905 721 25 87 464 712 516 308 321 
963 451 147 869 126 715 287 341 862 135 325 957 849 627 3 401 581 240 812 447 
505 666 745 941 933 899 409 341 89 681 597 520 335 833 626 411 105 943 991 163 
966 56 928 171 625 467 701 885 761 299 153 30 161 901 961 509 131 821 366 872 
916 801 961 281 76 279 526 671 121 773 937 921 409 718 767 166 808 526 461 168 
564 17 77 843 249 573 453 355 681 625 611 346 481 937 226 495 97 594 261 876 
